 11.000000 110.826805 -73.454639  17.663100   0.001000   0.000000
 35.000000 110.792565 -73.447629  17.962900   0.001000   0.000000
  2.000000 110.800617 -73.448521  18.113800   0.001000   0.000000
 17.000000 110.818238 -73.454613  18.880000   0.001000   0.000000
  8.000000 110.853842 -73.450063  18.952000   0.001000   0.000000
 26.000000 110.856501 -73.441232  18.960900   0.001000   0.000000
 10.000000 110.818516 -73.455217  18.970000   0.001000   0.000000
 22.000000 110.825709 -73.458694  19.169600   0.001000   0.000000
 12.000000 110.840109 -73.455876  19.186600   0.001000   0.000000
  6.000000 110.845651 -73.451336  19.373900   0.001000   0.000000
 39.000000 110.772848 -73.450352  19.512200   0.001000   0.000000
 53.000000 110.768775 -73.461752  19.593800   0.001000   0.000000
 16.000000 110.837602 -73.456183  19.659400   0.001000   0.000000
 61.000000 110.841032 -73.473932  19.667300   0.001000   0.000000
 46.000000 110.893891 -73.455519  19.738300   0.001000   0.000000
 21.000000 110.832687 -73.456912  19.805000   0.001000   0.000000
 20.000000 110.802468 -73.458673  19.930600   0.001000   0.000000
 58.000000 110.810754 -73.466765  20.026500   0.001000   0.000000
 15.000000 110.826452 -73.454971  20.038800   0.001000   0.000000
  5.000000 110.855011 -73.450191  20.096800   0.001000   0.000000
 41.000000 110.869623 -73.450043  20.101800   0.001000   0.000000
 56.000000 110.834474 -73.464297  20.198400   0.001000   0.000000
 13.000000 110.836835 -73.456515  20.276100   0.001000   0.000000
 24.000000 110.829780 -73.433966  20.302900   0.001000   0.000000
 37.000000 110.871973 -73.447967  20.367800   0.001000   0.000000
 49.000000 110.780074 -73.456917  20.423400   0.001000   0.000000
 32.000000 110.794155 -73.444224  20.433200   0.001000   0.000000
 14.000000 110.804501 -73.456150  20.505400   0.001000   0.000000
 19.000000 110.853096 -73.456659  20.537100   0.001000   0.000000
 45.000000 110.821311 -73.454546  20.549200   0.001000   0.000000
 23.000000 110.824378 -73.459905  20.563000   0.001000   0.000000
 59.000000 110.828875 -73.469179  20.687700   0.001000   0.000000
 30.000000 110.840220 -73.443453  20.719000   0.001000   0.000000
 60.000000 110.858757 -73.469214  20.727300   0.001000   0.000000
 18.000000 110.855731 -73.455743  20.773700   0.001000   0.000000
  9.000000 110.837799 -73.453600  20.776500   0.001000   0.000000
 55.000000 110.865140 -73.462026  20.820200   0.001000   0.000000
 28.000000 110.886408 -73.442763  20.882000   0.001000   0.000000
 47.000000 110.862284 -73.456359  20.979200   0.001000   0.000000
  4.000000 110.856244 -73.450697  20.985000   0.001000   0.000000
 57.000000 110.777148 -73.465635  20.988100   0.001000   0.000000
 34.000000 110.868498 -73.446465  21.082100   0.001000   0.000000
  7.000000 110.816121 -73.451194  21.087500   0.001000   0.000000
  1.000000 110.825211 -73.454556  21.141200   0.001000   0.000000
 42.000000 110.867512 -73.450920  21.166700   0.001000   0.000000
 52.000000 110.864627 -73.458973  21.190100   0.001000   0.000000
 36.000000 110.862640 -73.447751  21.342000   0.001000   0.000000
 29.000000 110.851146 -73.443187  21.343900   0.001000   0.000000
 25.000000 110.838760 -73.440683  21.520700   0.001000   0.000000
  3.000000 110.818408 -73.448268  21.525000   0.001000   0.000000
 27.000000 110.806765 -73.440962  21.617700   0.001000   0.000000
 43.000000 110.893363 -73.450215  21.641500   0.001000   0.000000
 54.000000 110.872975 -73.462402  21.731700   0.001000   0.000000
 38.000000 110.786080 -73.448198  21.790600   0.001000   0.000000
 44.000000 110.838631 -73.452693  21.802600   0.001000   0.000000
 33.000000 110.893107 -73.445862  21.893000   0.001000   0.000000
 50.000000 110.824001 -73.457891  22.278500   0.001000   0.000000
 48.000000 110.780961 -73.456586  22.324200   0.001000   0.000000
 51.000000 110.863645 -73.459522  22.343100   0.001000   0.000000
  0.000000 110.795577 -73.448826  22.361000   0.001000   0.000000
 40.000000 110.888447 -73.449921  22.699000   0.001000   0.000000
 31.000000 110.880435 -73.443687  23.419700   0.001000   0.000000
