  1.000000   1.000000 110.840537 -73.450996   1.450300   0.500000   0.500000   0.000000   0.000000   0.000000   0.000000   1.100000
  1.000000   1.000000 110.842776 -73.454764   1.450300   0.500000   0.500000   0.000000   0.000000   0.000000   0.000000   1.200000
  1.000000   1.000000 110.838813 -73.458709   1.450300   0.500000   0.500000   0.000000   0.000000   0.000000   0.000000   1.300000
  2.000000   1.000000 110.838463 -73.451023   1.378200   0.500000   0.500000   0.000000   0.000000   0.000000   0.000000   2.100000
  2.000000   1.000000 110.840511 -73.454871   1.378200   0.500000   0.500000   0.000000   0.000000   0.000000   0.000000   2.200000
  2.000000   1.000000 110.836143 -73.458797   1.378200   0.500000   0.500000   0.000000   0.000000   0.000000   0.000000   2.300000
  3.000000   1.000000 110.830265 -73.448470   1.870000   0.500000   0.500000   0.000000   0.000000   0.000000   0.000000   3.100000
  3.000000   1.000000 110.831584 -73.455170   1.870000   0.500000   0.500000   0.000000   0.000000   0.000000   0.000000   3.200000
  3.000000   1.000000 110.825011 -73.459600   1.870000   0.500000   0.500000   0.000000   0.000000   0.000000   0.000000   3.300000
  3.000000   1.000000 110.823039 -73.454801   1.870000   0.500000   0.500000   0.000000   0.000000   0.000000   0.000000   3.400000
  4.000000   1.000000 110.806862 -73.458366   2.140000   0.500000   0.500000   0.000000   0.000000   0.000000   0.000000   4.100000
  4.000000   1.000000 110.805043 -73.454556   2.140000   0.500000   0.500000   0.000000   0.000000   0.000000   0.000000   4.200000
  4.000000   1.000000 110.813088 -73.448716   2.140000   0.500000   0.500000   0.000000   0.000000   0.000000   0.000000   4.300000
  5.000000   1.000000 110.823734 -73.451804   1.425400   0.500000   0.500000   0.000000   0.000000   0.000000   0.000000   5.100000
  5.000000   1.000000 110.822159 -73.452703   1.425400   0.500000   0.500000   0.000000   0.000000   0.000000   0.000000   5.200000
  5.000000   1.000000 110.820747 -73.460134   1.425400   0.500000   0.500000   0.000000   0.000000   0.000000   0.000000   5.300000
  6.000000   1.000000 110.835639 -73.451747   1.690000   0.500000   0.500000   0.000000   0.000000   0.000000   0.000000   6.100000
  6.000000   1.000000 110.836555 -73.453018   1.690000   0.500000   0.500000   0.000000   0.000000   0.000000   0.000000   6.200000
  6.000000   1.000000 110.830222 -73.460765   1.690000   0.500000   0.500000   0.000000   0.000000   0.000000   0.000000   6.300000
  7.000000   1.000000 110.794467 -73.449076   5.172700   0.500000   0.500000   0.000000   0.000000   0.000000   0.000000   7.100000
  7.000000   1.000000 110.795411 -73.448571   5.172700   0.500000   0.500000   0.000000   0.000000   0.000000   0.000000   7.200000
  7.000000   1.000000 110.799314 -73.447033   5.172700   0.500000   0.500000   0.000000   0.000000   0.000000   0.000000   7.300000
  8.000000   1.000000 110.802192 -73.460135  10.000000   0.500000   0.500000   0.000000   0.000000   0.000000   0.000000   8.100000
  8.000000   1.000000 110.799373 -73.455279  10.000000   0.500000   0.500000   0.000000   0.000000   0.000000   0.000000   8.200000
  9.000000   1.000000 110.804895 -73.458902   3.000000   0.500000   0.500000   0.000000   0.000000   0.000000   0.000000   9.100000
  9.000000   1.000000 110.802693 -73.454884   3.000000   0.500000   0.500000   0.000000   0.000000   0.000000   0.000000   9.200000
 10.000000   1.000000 110.821924 -73.449108   1.690000   0.500000   0.500000   0.000000   0.000000   0.000000   0.000000  12.100000
 10.000000   1.000000 110.814421 -73.454335   1.690000   0.500000   0.500000   0.000000   0.000000   0.000000   0.000000  12.200000
 10.000000   1.000000 110.817112 -73.459245   1.690000   0.500000   0.500000   0.000000   0.000000   0.000000   0.000000  12.300000
 11.000000   1.000000 110.829518 -73.448917   2.750000   0.500000   0.500000   0.000000   0.000000   0.000000   0.000000  13.100000
 11.000000   1.000000 110.832218 -73.454405   2.750000   0.500000   0.500000   0.000000   0.000000   0.000000   0.000000  13.200000
 11.000000   1.000000 110.822939 -73.461641   2.750000   0.500000   0.500000   0.000000   0.000000   0.000000   0.000000  13.300000
 11.000000   1.000000 110.821744 -73.454128   2.750000   0.500000   0.500000   0.000000   0.000000   0.000000   0.000000  13.400000
 12.000000   1.000000 110.819203 -73.448673   1.870000   0.500000   0.500000   0.000000   0.000000   0.000000   0.000000  15.100000
 12.000000   1.000000 110.811195 -73.454553   1.870000   0.500000   0.500000   0.000000   0.000000   0.000000   0.000000  15.200000
 12.000000   1.000000 110.813784 -73.458982   1.870000   0.500000   0.500000   0.000000   0.000000   0.000000   0.000000  15.300000
 13.000000   1.000000 110.823773 -73.457483   1.920000   0.500000   0.500000   0.000000   0.000000   0.000000   0.000000  17.100000
 13.000000   1.000000 110.822942 -73.455733   1.920000   0.500000   0.500000   0.000000   0.000000   0.000000   0.000000  17.200000
 13.000000   1.000000 110.829568 -73.447386   1.920000   0.500000   0.500000   0.000000   0.000000   0.000000   0.000000  17.300000
 14.000000   1.000000 110.820701 -73.450676   1.382500   0.500000   0.500000   0.000000   0.000000   0.000000   0.000000  19.100000
 14.000000   1.000000 110.816234 -73.453493   1.382500   0.500000   0.500000   0.000000   0.000000   0.000000   0.000000  19.200000
 14.000000   1.000000 110.817104 -73.458909   1.382500   0.500000   0.500000   0.000000   0.000000   0.000000   0.000000  19.300000
 15.000000   1.000000 110.816395 -73.451874   1.470000   0.500000   0.500000   0.000000   0.000000   0.000000   0.000000  20.100000
 15.000000   1.000000 110.815753 -73.452323   1.470000   0.500000   0.500000   0.000000   0.000000   0.000000   0.000000  20.200000
 16.000000   1.000000 110.816649 -73.448506   2.290000   0.500000   0.500000   0.000000   0.000000   0.000000   0.000000  21.100000
 16.000000   1.000000 110.808479 -73.454073   2.290000   0.500000   0.500000   0.000000   0.000000   0.000000   0.000000  21.200000
 16.000000   1.000000 110.811396 -73.459574   2.290000   0.500000   0.500000   0.000000   0.000000   0.000000   0.000000  21.300000
 17.000000   1.000000 110.829153 -73.456050   2.150000   0.500000   0.500000   0.000000   0.000000   0.000000   0.000000  22.100000
 17.000000   1.000000 110.826676 -73.457745   2.150000   0.500000   0.500000   0.000000   0.000000   0.000000   0.000000  22.200000
